########-----------Blue-------------------
H_MIN 	33 	42	42	52	78	78	59	50 	50	|
H_MAX 	103	118	118	126 126	141	163	151 123	|

S_MIN 	45	66	66	23 	72	62	51	46	55	|
S_MAX 	171	204	204	199	204	204	204	204	204	|

V_MIN 	41	5	5	161	7	0	43	9	37	|
V_MAX 	256	256	256	231	256	256	256	256	256	|

########-----------red-------------------
H_MIN 	0	0	0	0 	0	|
H_MAX 	0	3	1	1	1	|

S_MIN 	22	54	50	48	44	|
S_MAX 	168	143	180	162	167	|

V_MIN 	0	15	9	39	52	|
V_MAX 	256	256	256	256	256	|

########-----------yellow-------------------
H_MIN 	11	14	16	21	22 	24	23	11	21 	|
H_MAX 	92	34	51	53	53	61	61	89	40	|

S_MIN 	102	72	85	87	82	105	69	69	95	|
S_MAX 	140	107	132	133	114	129	81	92	121	|

V_MIN 	24	64	114	70	9	9	26	9	9	|
V_MAX 	251	256	256	256	256	256	256	256	256	|
